image: fhws_masch.pgm
resolution: 0.050000
origin: [-52.992788, -24.974904, 0.000000]
negate: 0
occupied_thresh: 0.65
free_thresh: 0.196

