image: masch_karto_kind_of_loop_closure.pgm
resolution: 0.050000
origin: [-4.751442, -50.322318, 0.000000]
negate: 0
occupied_thresh: 0.65
free_thresh: 0.196

