image: Altenheim_Bag_4_Karto_1_edit.pgm
resolution: 0.050000
origin: [-27.842146, -5.862823, 0.000000]
negate: 0
occupied_thresh: 0.65
free_thresh: 0.196

